229
0

26
0

104
0

238
0

221
0

192
0

35
0

198
0

258
0

244
0

8
0

277
0

275
0

144
0

222
0

274
0

15
0

170
0

149
0

132
0

218
0

208
1

266
1

56
1

284
1

34
1

271
1

233
1

175
1

212
1

93
1

274
1

36
1

290
1

122
1

260
1

182
1

174
1

162
1

200
1

29
1

274
1

291
2

176
2

6
2

39
2

176
2

269
2

131
2

119
2

32
2

99
2

132
2

133
3

182
3

222
3

8
3

86
3

132
3

239
3

52
3

43
3

138
3

228
3

201
3

69
3

242
3

194
3

251
3

250
3

77
3

181
4

139
4

250
4

137
4

21
4

169
4

40
4

89
4

200
4

134
4

233
4

129
4

290
4

288
4

102
4

79
4

184
4

136
4

200
4

208
4

284
4

262
5

205
5

5
5

90
5

47
5

170
5

127
5

200
5

42
5

207
5

281
5

213
5

201
5

93
5

192
5

299
5

70
5

51
5

79
5

244
5

283
5

77
5

259
6

121
6

146
6

167
6

14
6

44
6

95
6

126
6

253
6

52
6

26
6

100
6

72
6

78
6

93
6

47
6

118
6

212
6

254
6

196
6

284
6

273
6

39
6

212
6

284
6

28
6

115
6

116
7

220
7

70
7

111
7

123
7

172
7

222
7

74
7

283
7

78
7

277
7

230
7

124
7

131
7

257
7

207
7

190
8

186
8

263
8

197
8

178
8

212
8

263
8

35
8

118
8

292
8

256
8

112
8

236
8

252
8

106
8

209
8

259
8

186
8

78
8

225
8

271
8

69
9

178
9

142
9

138
9

208
9

120
9

272
9

95
9

198
9

123
9

122
9

213
9

24
9

190
9

151
9

277
9

132
9

241
9

91
9

1
9

235
9

194
9

